{"model": 1, "laser_geometry": 2, "ebeam_geometry": 0, "sig_ebeam": 10, "sig_las": 10, "beam_waist": 100000.0, "E_pulse": 22250.0, "results": [[18541.267420508, 18541.441969319327, 18541.612141994287, 18541.77793778627, 18541.939355968003, 18542.096395831526, 18542.249056688284, 18542.397337868777, 18542.541238723043, 18542.680758620354, 18542.81589694917, 18542.946653117615, 18543.07302655284, 18543.195016701462, 18543.312623029484, 18543.42584502226, 18543.534682184512, 18543.63913404027, 18543.739200133, 18543.83488002557, 18543.92617330022, 18544.013079558626, 18544.095598421733, 18544.17372953007, 18544.24747254346, 18544.316827141163, 18544.381793021967, 18544.442369903874, 18544.498557524486, 18544.550355640717, 18544.597764029062, 18544.640782485316, 18544.679410824745, 18544.713648882123, 18544.743496511495, 18544.768953586587, 18544.790020000466, 18544.80669566552, 18544.81898051378, 18544.826874496655, 18544.83037758499, 18544.82948976905, 18544.824211058592, 18544.814541482854, 18544.800481090457, 18544.782029949536, 18544.75918814758, 18544.731955791616, 18544.700333008084, 18544.664319942913, 18544.623916761404, 18544.579123648273, 18544.52994080785, 18544.476368463686, 18544.41840685885, 18544.35605625596, 18544.2893169368, 18544.218189202842, 18544.142673374783, 18544.062769792934, 18543.97847881677, 18543.88980082541, 18543.796736217155, 18543.699285409923, 18543.597448840796, 18543.491226966555, 18543.380620262975, 18543.2656292255, 18543.14625436887, 18543.022496227037, 18542.894355353565, 18542.761832321197, 18542.624927721983, 18542.4836421675, 18542.337976288483, 18542.187930734948, 18542.033506176434, 18541.87470330163, 18541.71152281843, 18541.54396545434, 18541.37203195577], [18541.441969319327, 18541.61651822975, 18541.78669100255, 18541.952486891056, 18542.113905168248, 18542.270945126085, 18542.423606075783, 18542.57188734817, 18542.715788293113, 18542.85530827985, 18542.990446696967, 18543.121202952487, 18543.24757647361, 18543.36956670696, 18543.487173118523, 18543.600395193607, 18543.70923243699, 18543.813684372715, 18543.913750544194, 18544.00943051432, 18544.10072386535, 18544.187630198943, 18544.270149136035, 18544.348280317154, 18544.422023402178, 18544.491378070325, 18544.556344020308, 18544.61692097023, 18544.67310865765, 18544.724906839547, 18544.772315292277, 18544.815333811774, 18544.85396221328, 18544.888200331494, 18544.91804802057, 18544.943505154173, 18544.964571625267, 18544.981247346444, 18544.99353224964, 18545.001426286206, 18545.00492942704, 18545.00404166243, 18544.99876300213, 18544.98909347531, 18544.97503313063, 18544.95658203626, 18544.93374027966, 18544.906507967866, 18544.87488522733, 18544.838872203924, 18544.79846906299, 18544.753675989276, 18544.704493187026, 18544.65092087981, 18544.592959310827, 18544.530608742505, 18544.463869456795, 18544.39274175506, 18544.317225958104, 18544.237322406043, 18544.153031458573, 18544.064353494625, 18543.971288912635, 18543.87383813051, 18543.77200158534, 18543.66577973374, 18543.555173051656, 18543.440182034527, 18543.320807196982, 18543.19704907313, 18543.06890821635, 18542.93638519955, 18542.799480614718, 18542.658195073378, 18542.512529206368, 18542.362483663634, 18542.208059114717, 18542.04925624828, 18541.88607577237, 18541.71851841428, 18541.54658492053], [18541.612141994287, 18541.78669100255, 18541.956863871852, 18542.122659855853, 18542.284078227258, 18542.441118278097, 18542.593779319664, 18542.742060682696, 18542.885961717093, 18543.02548179207, 18543.160620296272, 18543.291376637695, 18543.41775024349, 18543.53974056033, 18543.65734705418, 18543.770569210363, 18543.87940653365, 18543.983858548036, 18544.083924797065, 18544.179604843503, 18544.270898269697, 18544.35780467712, 18544.440323686973, 18544.518454939647, 18544.59219809499, 18544.661552832273, 18544.726518850195, 18544.787095866883, 18544.84328361986, 18544.89508186612, 18544.942490382044, 18544.985508963517, 18545.024137425782, 18545.05837560357, 18545.088223351024, 18545.113680541806, 18545.13474706889, 18545.151422844865, 18545.163707801654, 18545.171601890634, 18545.17510508265, 18545.17421736804, 18545.168938756553, 18545.159269277337, 18545.145208979073, 18545.12675792992, 18545.103916217344, 18545.07668394843, 18545.04506124947, 18545.00904826655, 18544.96864516481, 18544.923852129163, 18544.874669363773, 18544.821097092223, 18544.76313555765, 18544.700785022644, 18544.63404576898, 18544.562918098134, 18544.48740233079, 18544.407498807257, 18544.32320788705, 18544.234529949197, 18544.141465392124, 18544.044014633644, 18543.942178111003, 18543.83595628068, 18543.725349618784, 18543.610358620546, 18543.49098380074, 18543.367225693422, 18543.239084852, 18543.106561849287, 18542.969657277423, 18542.828371747884, 18542.682705891355, 18542.53266035804, 18542.37823581727, 18542.219432957827, 18542.056252487702, 18541.88869513423, 18541.716761643882], [18541.77793778627, 18541.952486891056, 18542.122659855853, 18542.288455934045, 18542.449874398473, 18542.60691454119, 18542.759575673408, 18542.907857125887, 18543.05175824851, 18543.191278410508, 18543.32641700061, 18543.457173426646, 18543.583547115893, 18543.70553751498, 18543.82314408993, 18543.936366325983, 18544.045203727892, 18544.149655819743, 18544.249722145054, 18544.34540226658, 18544.436695766613, 18544.523602246758, 18544.606121328063, 18544.684252651055, 18544.757995875432, 18544.82735068058, 18544.892316765192, 18544.952893847378, 18545.009081664622, 18545.06087997393, 18545.108288551808, 18545.151307193893, 18545.18993571568, 18545.22417395175, 18545.25402175629, 18545.279479002937, 18545.300545584778, 18545.317221414203, 18545.329506423295, 18545.337400563352, 18545.340903805278, 18545.340016139362, 18545.33473757534, 18545.325068142432, 18545.31100788934, 18545.29255688403, 18545.26971521416, 18545.242482986676, 18545.210860328072, 18545.17484738423, 18545.13444432041, 18545.0896513214, 18545.04046859151, 18544.98689635434, 18544.92893485284, 18544.866584349777, 18544.799845126767, 18544.728717485435, 18544.65320174645, 18544.573298249987, 18544.489007355696, 18544.400329442557, 18544.307264909006, 18544.209814172842, 18544.107977671312, 18544.001755860954, 18543.891149217703, 18543.776158237, 18543.656783433544, 18543.53302534137, 18543.404884513868, 18543.27236152395, 18543.135456963602, 18542.994171444407, 18542.84850559702, 18542.69846007163, 18542.544035537652, 18542.385232683762, 18542.222052218, 18542.054494867643, 18541.882561379276], [18541.939355968003, 18542.113905168248, 18542.284078227258, 18542.449874398473, 18542.6112929548, 18542.76833318805, 18542.920994409706, 18543.069275950438, 18543.213177160083, 18543.352697407932, 18543.487836082655, 18543.61859259212, 18543.74496636358, 18543.866956843765, 18543.984563498474, 18544.09778581312, 18544.206623292554, 18544.311075460657, 18544.411141860903, 18544.50682205628, 18544.59811562892, 18544.68502218051, 18544.76754133205, 18544.845672724012, 18544.919416016255, 18544.988770888, 18545.053737038023, 18545.114314184397, 18545.170502064655, 18545.222300435795, 18545.26970907424, 18545.312727775807, 18545.351356355728, 18545.385594648764, 18545.415442509173, 18545.440899810415, 18545.461966445608, 18545.478642327278, 18545.490927387324, 18545.498821577166, 18545.502324867688, 18545.501437249106, 18545.496158731334, 18545.48648934338, 18545.472429134024, 18545.453978171303, 18545.43113654276, 18545.403904355477, 18545.372281735858, 18545.336268829717, 18545.295865802458, 18545.25107283889, 18545.201890143122, 18545.14831793886, 18545.09035646918, 18545.028005996548, 18544.961266802973, 18544.890139189767, 18544.814623477698, 18544.73472000698, 18544.65042913721, 18544.561751247493, 18544.46868673605, 18544.371236020837, 18544.269399539047, 18544.163177747178, 18544.052571121334, 18543.937580156722, 18543.818205368163, 18543.69444728973, 18543.566306474793, 18543.433783496133, 18543.29687894593, 18543.155593435637, 18543.009927596024, 18542.859882077195, 18542.705457548534, 18542.546654698755, 18542.38347423593, 18542.215916887293, 18542.043983399457], [18542.096395831526, 18542.270945126085, 18542.441118278097, 18542.60691454119, 18542.76833318805, 18542.92537351079, 18543.07803482067, 18543.226316448374, 18543.370217743868, 18543.50973807638, 18543.64487683452, 18543.775633426147, 18543.902007278644, 18544.02399783859, 18544.141604571916, 18544.254826964017, 18544.363664519555, 18544.468116762662, 18544.56818323672, 18544.663863504633, 18544.755157148662, 18544.842063770473, 18544.9245829909, 18545.002714450668, 18545.076457809457, 18545.145812746596, 18545.210778960733, 18545.271356170055, 18545.327544112093, 18545.379342543747, 18545.426751241535, 18545.469770001208, 18545.508398638027, 18545.542636986786, 18545.57248490166, 18545.597942256194, 18545.61900894349, 18545.63568487606, 18545.64796998576, 18545.6558642241, 18545.65936756187, 18545.658479989415, 18545.653201516438, 18545.64353217214, 18545.629472005236, 18545.611021083776, 18545.58817949529, 18545.560947346818, 18545.529324764793, 18545.493311895094, 18545.4529089031, 18545.40811597349, 18545.358933310552, 18545.305361137907, 18545.24739969861, 18545.185049255193, 18545.118310089547, 18545.04718250316, 18544.971666816688, 18544.891763370328, 18544.807472523727, 18544.718794655935, 18544.625730165186, 18544.528279469632, 18544.426443006174, 18544.320221231468, 18544.209614621537, 18544.094623671666, 18543.975248896655, 18543.851490830526, 18543.723350026747, 18543.590827057997, 18543.453922516535, 18543.312637013758, 18543.166971180435, 18543.01692566667, 18542.862501141928, 18542.703698294867, 18542.540517833593, 18542.372960485285, 18542.201026996503], [18542.249056688284, 18542.423606075783, 18542.593779319664, 18542.759575673408, 18542.920994409706, 18543.07803482067, 18543.230696217586, 18543.37897793113, 18543.52287931122, 18543.662399727116, 18543.79753856746, 18543.928295240108, 18544.05466917237, 18544.17665981088, 18544.294266621597, 18544.407489089823, 18544.516326720335, 18544.620779037192, 18544.72084558379, 18544.81652592307, 18544.907819637236, 18544.99472632788, 18545.077245616078, 18545.15537714233, 18545.22912056639, 18545.298475567637, 18545.36344184468, 18545.42401911564, 18545.480207118086, 18545.532005609064, 18545.579414364885, 18545.622433181386, 18545.661061873812, 18545.69530027703, 18545.725148245117, 18545.750605651643, 18545.77167238971, 18545.78834837187, 18545.800633529983, 18545.808527815458, 18545.812031199202, 18545.811143671504, 18545.80586524206, 18545.796195940104, 18545.78213581432, 18545.763684932735, 18545.740843383002, 18545.713611272062, 18545.681988726286, 18545.645975891708, 18545.60557293356, 18545.56078003663, 18545.511597405155, 18545.458025262677, 18545.40006385248, 18545.337713436904, 18545.270974297884, 18545.19984673686, 18545.124331074658, 18545.044427651297, 18544.960136826507, 18544.871458979236, 18544.778394507983, 18544.680943830484, 18544.579107383965, 18544.47288562506, 18544.362279029672, 18544.247288093215, 18544.12791333033, 18544.004155275077, 18543.87601448102, 18543.74349152081, 18543.606586986676, 18543.46530148997, 18543.31963566154, 18543.169590151512, 18543.015165629247, 18542.8563627835, 18542.693182322222, 18542.52562497278, 18542.353691481727], [18542.397337868777, 18542.57188734817, 18542.742060682696, 18542.907857125887, 18543.069275950438, 18543.226316448374, 18543.37897793113, 18543.527259729253, 18543.671161192753, 18543.81068169084, 18543.945820612156, 18544.07657736453, 18544.202951375428, 18544.324942091273, 18544.4425489781, 18544.555771521314, 18544.66460922547, 18544.769061614854, 18544.869128232793, 18544.964808642126, 18545.05610242516, 18545.14300918349, 18545.22552853816, 18545.30366012963, 18545.37740361775, 18545.44675868177, 18545.51172502044, 18545.57230235183, 18545.628490413485, 18545.680288962354, 18545.727697774942, 18545.770716646985, 18545.80934539379, 18545.84358385012, 18545.873431870135, 18545.89888932741, 18545.919956114973, 18545.936632145356, 18545.948917350568, 18545.956811681917, 18545.960315110326, 18545.95942762602, 18545.954149238823, 18545.94447997792, 18545.930419891894, 18545.91196904893, 18545.88912753657, 18545.861895461763, 18545.830272951018, 18545.794260150105, 18545.753857224474, 18545.709064358914, 18545.659881757536, 18545.606309643998, 18545.548348261425, 18545.48599787234, 18545.41925875861, 18545.348131221654, 18545.272615582246, 18545.192712180495, 18545.108421376142, 18545.019743548095, 18544.92667909485, 18544.829228434137, 18544.72739200319, 18544.62117025868, 18544.510563676406, 18544.39557275186, 18544.276197999694, 18544.152439954087, 18544.02429916829, 18543.891776215216, 18543.75487168696, 18543.613586194933, 18543.46792037001, 18543.317874862223, 18543.163450341017, 18543.00464749511, 18542.84146703252, 18542.67390968051, 18542.50197618567], [18542.541238723043, 18542.715788293113, 18542.885961717093, 18543.05175824851, 18543.213177160083, 18543.370217743868, 18543.52287931122, 18543.671161192753, 18543.815062738402, 18543.95458331748, 18544.08972231852, 18544.220479149528, 18544.346853237665, 18544.468844029656, 18544.586450991406, 18544.699673608276, 18544.808511384977, 18544.91296384559, 18545.01303053358, 18545.108711011762, 18545.200004862436, 18545.286911687177, 18545.369431107043, 18545.44756276249, 18545.5213063134, 18545.59066143899, 18545.655627837947, 18545.716205228495, 18545.77239334803, 18545.824191953678, 18545.871600821723, 18545.914619748055, 18545.953248547914, 18545.987487056085, 18546.017335126708, 18546.04279263338, 18546.06385946917, 18546.080535546527, 18546.092820797476, 18546.100715173387, 18546.104218645116, 18546.10333120297, 18546.09805285666, 18546.08838363543, 18546.074323587924, 18546.05587278223, 18546.033031305873, 18546.00579926593, 18545.974176788768, 18545.938164020336, 18545.897761125867, 18545.85296829024, 18545.8037857176, 18545.750213631658, 18545.69225227541, 18545.62990191143, 18545.563162821578, 18545.49203530731, 18545.416519689392, 18545.336616307934, 18545.252325522608, 18545.1636477124, 18545.07058327577, 18544.97313263049, 18544.87129621373, 18544.765074482133, 18544.6544679117, 18544.5394769977, 18544.420102254877, 18544.29634421733, 18544.168203438494, 18544.03568049112, 18543.898775967307, 18543.757490478634, 18543.61182465577, 18543.461779148816, 18543.30735462725, 18543.14855177979, 18542.985371314433, 18542.817813958394, 18542.645880458393], [18542.680758620354, 18542.85530827985, 18543.02548179207, 18543.191278410508, 18543.352697407932, 18543.50973807638, 18543.662399727116, 18543.81068169084, 18543.95458331748, 18544.094103976284, 18544.229243055877, 18544.35999996418, 18544.486374128475, 18544.60836499532, 18544.72597203079, 18544.839194720134, 18544.948032568012, 18545.052485098713, 18545.15255185547, 18545.24823240126, 18545.33952631828, 18545.426433208213, 18545.508952691984, 18545.587084410196, 18545.660828022614, 18545.73018320849, 18545.795149666523, 18545.855727114915, 18545.911915291148, 18545.963713952144, 18546.011122874417, 18546.054141853718, 18546.092770705385, 18546.127009264128, 18546.156857384016, 18546.182314938844, 18546.203381821517, 18546.220057944567, 18546.23234324, 18546.240237659156, 18546.243741172875, 18546.24285377153, 18546.237575464867, 18546.22790628197, 18546.213846271618, 18546.19539550184, 18546.172554060227, 18546.145322053755, 18546.113699608868, 18546.077686871486, 18546.037284006914, 18545.992491199933, 18545.943308654718, 18545.88973659493, 18545.831775263672, 18545.769424923445, 18545.702685856177, 18545.631558363235, 18545.556042765395, 18545.47613940287, 18545.391848635176, 18545.303170841456, 18545.21010642003, 18545.112655788776, 18545.010819384832, 18544.904597664816, 18544.79399110475, 18544.679000199892, 18544.55962546507, 18544.435867434222, 18544.30772666089, 18544.175203717798, 18544.038299197113, 18543.897013710277, 18543.751347888036, 18543.601302380517, 18543.446877857186, 18543.288075006705, 18543.124894537115, 18542.957337175703, 18542.785403669037], [18542.81589694917, 18542.990446696967, 18543.160620296272, 18543.32641700061, 18543.487836082655, 18543.64487683452, 18543.79753856746, 18543.945820612156, 18544.08972231852, 18544.229243055877, 18544.36438221279, 18544.49513919719, 18544.62151343638, 18544.743504376926, 18544.861111484806, 18544.974334245366, 18545.083172163282, 18545.18762476273, 18545.28769158709, 18545.38337219928, 18545.474666181402, 18545.561573135215, 18545.64409268168, 18545.722224461344, 18545.79596813398, 18545.865323378905, 18545.930289894754, 18545.99086739974, 18546.047055631334, 18546.098854346496, 18546.14626332167, 18546.18928235265, 18546.227911254784, 18546.262149862796, 18546.29199803078, 18546.317455632343, 18546.338522560665, 18546.355198728088, 18546.36748406665, 18546.375378527733, 18546.378882082234, 18546.37799472035, 18546.372716451922, 18546.36304730615, 18546.348987331563, 18546.33053659644, 18546.307695188214, 18546.28046321391, 18546.24884079999, 18546.21282809233, 18546.17242525621, 18546.1276324765, 18546.07844995739, 18546.024877922446, 18545.966916614823, 18545.904566296973, 18545.837827250885, 18545.76669977789, 18545.69118419882, 18545.61128085376, 18545.526990102466, 18545.438312323746, 18545.345247916208, 18545.24779729757, 18545.14596090505, 18545.039739195272, 18544.92913264416, 18544.814141747105, 18544.69476701876, 18544.571008993273, 18544.44286822403, 18544.3103452838, 18544.1734407648, 18544.032155278386, 18543.886489455388, 18543.73644394593, 18543.582019419384, 18543.423216564493, 18543.260036089214, 18543.092478720977, 18542.920545206216], [18542.946653117615, 18543.121202952487, 18543.291376637695, 18543.457173426646, 18543.61859259212, 18543.775633426147, 18543.928295240108, 18544.07657736453, 18544.220479149528, 18544.35999996418, 18544.49513919719, 18544.625896256475, 18544.75227056935, 18544.874261582278, 18544.991868761394, 18545.105091591944, 18545.21392957866, 18545.31838224566, 18545.418449136356, 18545.514129813564, 18545.605423859604, 18545.692330876063, 18545.774850484027, 18545.852982323806, 18545.926726055524, 18545.99608135816, 18546.061047930558, 18546.121625490807, 18546.17781377649, 18546.22961254457, 18546.27702157137, 18546.320040652816, 18546.35866960412, 18546.392908260106, 18546.422756474803, 18546.448214121945, 18546.46928109446, 18546.485957305038, 18546.498242685455, 18546.50613718718, 18546.509640781038, 18546.50875345738, 18546.503475225873, 18546.493806115817, 18546.47974617575, 18546.461295473855, 18546.43845409774, 18546.41122215428, 18546.37959976996, 18546.343587090643, 18546.303184281758, 18546.258391527925, 18546.209209033546, 18546.15563702209, 18546.09767573673, 18546.03532543992, 18545.968586413663, 18545.897458959273, 18545.821943397586, 18545.74204006864, 18545.65774933224, 18545.569071567286, 18545.476007172198, 18545.378556564843, 18545.27672018238, 18545.170498481406, 18545.059891937857, 18544.94490104718, 18544.825526323984, 18544.701768302377, 18544.573627535876, 18544.44110459712, 18544.30420007835, 18544.162914591005, 18544.01724876584, 18543.867203252943, 18543.712778721758, 18543.553975861032, 18543.39079537873, 18543.223238002174, 18543.051304477875], [18543.07302655284, 18543.24757647361, 18543.41775024349, 18543.583547115893, 18543.74496636358, 18543.902007278644, 18544.05466917237, 18544.202951375428, 18544.346853237665, 18544.486374128475, 18544.62151343638, 18544.75227056935, 18544.878644954606, 18545.000636038745, 18545.118243287845, 18545.23146618715, 18545.34030424141, 18545.444756974677, 18545.544823930413, 18545.64050467157, 18545.731798780198, 18545.81870585807, 18545.90122552617, 18545.979357424967, 18546.05310121432, 18546.12245657353, 18546.1874232012, 18546.24800081548, 18546.30418915398, 18546.355987973595, 18546.40339705081, 18546.446416181352, 18546.485045180576, 18546.51928388325, 18546.549132143417, 18546.574589834767, 18546.59565685037, 18546.612333102636, 18546.624618523598, 18546.632513064633, 18546.636016696593, 18546.63512940977, 18546.62985121393, 18546.620182138206, 18546.60612223143, 18546.587671561534, 18546.564830216044, 18546.537598302082, 18546.505975946053, 18546.469963293835, 18546.42956051073, 18546.38476778157, 18546.33558531047, 18546.282013321164, 18546.224052056692, 18546.16170177964, 18546.094962771793, 18546.02383533461, 18545.948319788884, 18545.868416474797, 18545.784125751903, 18545.69544799929, 18545.60238361531, 18545.504933017808, 18545.403096644026, 18545.296874950414, 18545.186268413087, 18545.071277527375, 18544.951902807945, 18544.828144788877, 18544.700004023616, 18544.567481084996, 18544.430576565075, 18544.28929107534, 18544.143625246536, 18543.993579728827, 18543.839155191577, 18543.68035232357, 18543.517171832824, 18543.349614446503, 18543.17768091131], [18543.195016701462, 18543.36956670696, 18543.53974056033, 18543.70553751498, 18543.866956843765, 18544.02399783859, 18544.17665981088, 18544.324942091273, 18544.468844029656, 18544.60836499532, 18544.743504376926, 18544.874261582278, 18545.000636038745, 18545.12262719292, 18545.240234510748, 18545.353457477584, 18545.462295598147, 18545.566748396483, 18545.6668154161, 18545.762496219766, 18545.853790389818, 18545.940697527858, 18546.02321725486, 18546.101349211363, 18546.175093057205, 18546.24444847158, 18546.309415153275, 18546.36999282031, 18546.426181210336, 18546.477980080283, 18546.52538920656, 18546.568408384966, 18546.60703743083, 18546.641276178823, 18546.67112448321, 18546.69658221748, 18546.717649274753, 18546.734325567533, 18546.746611027702, 18546.754505606772, 18546.758009275527, 18546.757122024243, 18546.7518438627, 18546.742174820112, 18546.728114945156, 18546.70966430584, 18546.686822989825, 18546.659591104006, 18546.627968774897, 18546.591956148382, 18546.551553389785, 18546.506760683806, 18546.45757823473, 18546.404006266202, 18546.346045021346, 18546.28369476256, 18546.216955771855, 18546.14582835058, 18546.07031281946, 18545.990409518814, 18545.90611880807, 18545.817441066396, 18545.724376692146, 18545.62692610313, 18545.525089736573, 18545.418868049084, 18545.308261516537, 18545.193270634343, 18545.073895917263, 18544.95013789936, 18544.821997134004, 18544.689474193987, 18544.55256967148, 18544.411284177942, 18544.265618344183, 18544.115572820203, 18543.961148275466, 18543.802345398766, 18543.639164898028, 18543.47160750057, 18543.299673952995], [18543.312623029484, 18543.487173118523, 18543.65734705418, 18543.82314408993, 18543.984563498474, 18544.141604571916, 18544.294266621597, 18544.4425489781, 18544.586450991406, 18544.72597203079, 18544.861111484806, 18544.991868761394, 18545.118243287845, 18545.240234510748, 18545.357841896126, 18545.471064929246, 18545.579903114864, 18545.684355977017, 18545.784423059198, 18545.88010392425, 18545.97139815442, 18546.05830535136, 18546.140825136055, 18546.218957148936, 18546.29270104997, 18546.362056518356, 18546.427023252778, 18546.487600971337, 18546.543789411597, 18546.595588330583, 18546.64299750467, 18546.686016729618, 18546.72464582081, 18546.758884612947, 18546.788732960133, 18546.814190736066, 18546.83525783375, 18546.851934165687, 18546.864219663763, 18546.872114279573, 18546.87561798371, 18546.874730766693, 18546.869452638184, 18546.85978362738, 18546.845723782928, 18546.827273172898, 18546.804431884924, 18546.777200025954, 18546.74557772249, 18546.7095651203, 18546.669162384824, 18546.624369700792, 18546.57518727241, 18546.521615323316, 18546.463654096602, 18546.401303854807, 18546.33456487983, 18546.263437473, 18546.18792195516, 18546.108018666528, 18546.023727966618, 18545.93505023454, 18545.841985868643, 18545.744535286696, 18545.64269892603, 18545.536477243142, 18545.425870713992, 18545.310879834076, 18545.191505117906, 18545.06774709971, 18544.939606332853, 18544.807083390086, 18544.67017886363, 18544.5288933649, 18544.38322752466, 18544.233181993044, 18544.078757439438, 18543.91995455254, 18543.756774040463, 18543.5892166304, 18543.41728306901], [18543.42584502226, 18543.600395193607, 18543.770569210363, 18543.936366325983, 18544.09778581312, 18544.254826964017, 18544.407489089823, 18544.555771521314, 18544.699673608276, 18544.839194720134, 18544.974334245366, 18545.105091591944, 18545.23146618715, 18545.353457477584, 18545.471064929246, 18545.58428802743, 18545.693126276885, 18545.797579201575, 18545.89764634514, 18545.99332727031, 18546.08462155935, 18546.17152881387, 18546.25404865499, 18546.3321807231, 18546.405924678005, 18546.475280199164, 18546.540246984965, 18546.600824753776, 18546.657013243064, 18546.708812209778, 18546.756221430358, 18546.799240700617, 18546.83786983586, 18546.872108670832, 18546.9019570596, 18546.927414875823, 18546.948482012605, 18546.965158382394, 18546.97744391716, 18546.98533856829, 18546.988842306662, 18546.987955122495, 18546.982677025688, 18546.97300804532, 18546.958948230065, 18546.940497648044, 18546.917656386773, 18546.89042455332, 18546.85880227411, 18546.822789694957, 18546.782386981256, 18546.73759431777, 18546.688411908708, 18546.634839977698, 18546.57687876783, 18546.514528541655, 18546.447789581067, 18546.376662187355, 18546.301146681453, 18546.221243403448, 18546.136952712997, 18546.048274989073, 18545.955210630123, 18545.85776005393, 18545.75592369774, 18545.649702018098, 18545.539095491025, 18545.424104611826, 18545.3047298952, 18545.180971875343, 18545.052831105542, 18544.920308158686, 18544.783403626803, 18544.64211812143, 18544.496452273284, 18544.346406732577, 18544.191982168653, 18544.033179270256, 18543.869998745344, 18543.702441321308, 18543.53050774466], [18543.534682184512, 18543.70923243699, 18543.87940653365, 18544.045203727892, 18544.206623292554, 18544.363664519555, 18544.516326720335, 18544.66460922547, 18544.808511384977, 18544.948032568012, 18545.083172163282, 18545.21392957866, 18545.34030424141, 18545.462295598147, 18545.579903114864, 18545.693126276885, 18545.801964588838, 18545.90641757496, 18546.006484778587, 18546.10216576262, 18546.193460109287, 18546.280367420226, 18546.362887316496, 18546.44101943846, 18546.514763446085, 18546.5841190186, 18546.649085854682, 18546.70966367241, 18546.765852209417, 18546.81765122263, 18546.86506048845, 18546.908079802735, 18546.9467089807, 18546.98094785714, 18547.010796286217, 18547.0362541415, 18547.057321316053, 18547.07399772244, 18547.08628329256, 18547.094177977713, 18547.09768174892, 18547.096794596382, 18547.09151652989, 18547.081847578662, 18547.067787791264, 18547.049337235887, 18547.026496000108, 18546.999264190737, 18546.967641934432, 18546.93162937698, 18546.891226683743, 18546.846434039457, 18546.79725164832, 18546.743679734085, 18546.685718539742, 18546.62336832779, 18546.556629380146, 18546.485501998293, 18546.409986502855, 18546.330083234192, 18546.245792551807, 18546.157114834696, 18546.064050481324, 18545.96659990947, 18545.86476355638, 18545.758541878615, 18545.647935352168, 18545.532944472292, 18545.413569753873, 18545.289811730916, 18545.161670956793, 18545.02914800432, 18544.892243465667, 18544.750957952263, 18544.605292094864, 18544.45524654364, 18544.300821967958, 18544.142019056573, 18543.978838517454, 18543.811281077935, 18543.6393474846], [18543.63913404027, 18543.813684372715, 18543.983858548036, 18544.149655819743, 18544.311075460657, 18544.468116762662, 18544.620779037192, 18544.769061614854, 18544.91296384559, 18545.052485098713, 18545.18762476273, 18545.31838224566, 18545.444756974677, 18545.566748396483, 18545.684355977017, 18545.797579201575, 18545.90641757496, 18546.010870621125, 18546.11093788366, 18546.206618925266, 18546.297913328326, 18546.38482069443, 18546.46734064458, 18546.545472819227, 18546.61921687824, 18546.68857250089, 18546.75353938588, 18546.81411725134, 18546.87030583477, 18546.922104893194, 18546.969514202945, 18547.012533559944, 18547.051162779386, 18547.08540169607, 18547.115250164094, 18547.14070805717, 18547.16177526823, 18547.17845170981, 18547.1907373139, 18547.1986320319, 18547.202135834596, 18547.201248712372, 18547.195970674944, 18547.1863017515, 18547.172241990684, 18547.153791460656, 18547.130950248844, 18547.103718462386, 18547.072096227665, 18547.036083690542, 18546.995681016368, 18546.950888389965, 18546.90170601549, 18546.848134116528, 18546.790172936333, 18546.727822737303, 18546.661083801315, 18546.58995642986, 18546.51444094362, 18546.434537682882, 18546.350247007107, 18546.261569295486, 18546.168504946276, 18546.071054377408, 18545.969218025984, 18545.862996348744, 18545.752389821504, 18545.63739893971, 18545.51802421798, 18545.394266190495, 18545.26612541064, 18545.133602451227, 18544.99669790435, 18544.855412381447, 18544.709746513414, 18544.559700950267, 18544.405276361424, 18544.246473435567, 18544.08329288085, 18543.91573542444, 18543.743801812936], [18543.739200133, 18543.913750544194, 18544.083924797065, 18544.249722145054, 18544.411141860903, 18544.56818323672, 18544.72084558379, 18544.869128232793, 18545.01303053358, 18545.15255185547, 18545.28769158709, 18545.418449136356, 18545.544823930413, 18545.6668154161, 18545.784423059198, 18545.89764634514, 18546.006484778587, 18546.11093788366, 18546.211005203757, 18546.306686301803, 18546.397980759924, 18546.484888179908, 18546.567408182702, 18546.64554040872, 18546.719284517894, 18546.788640189498, 18546.853607122135, 18546.91418503396, 18546.970373662552, 18547.02217276487, 18547.06958211729, 18547.112601515728, 18547.151230775376, 18547.185469731005, 18547.21531823677, 18547.24077616622, 18547.26184341249, 18547.278519888056, 18547.290805524855, 18547.298700274296, 18547.30220410721, 18547.301317013957, 18547.296039004228, 18547.28637010727, 18547.272310371718, 18547.253859865585, 18547.23101867659, 18547.20378691165, 18547.17216469715, 18547.136152179028, 18547.095749522632, 18547.050956912695, 18547.00177455351, 18546.948202668606, 18546.890241501147, 18546.82789131365, 18546.76115238797, 18546.690025025513, 18546.614509547104, 18546.534606292822, 18546.450315622475, 18546.361637914863, 18546.268573568457, 18546.171123001168, 18546.06928665011, 18545.96306497189, 18545.852458442492, 18545.737467557286, 18545.618092830908, 18545.494334797575, 18545.36619401055, 18545.233671042788, 18545.09676648628, 18544.955480952533, 18544.809815072356, 18544.65976949582, 18544.505344892394, 18544.34654195076, 18544.183361378906, 18544.01580390418, 18543.84387027318], [18543.83488002557, 18544.00943051432, 18544.179604843503, 18544.34540226658, 18544.50682205628, 18544.663863504633, 18544.81652592307, 18544.964808642126, 18545.108711011762, 18545.24823240126, 18545.38337219928, 18545.514129813564, 18545.64050467157, 18545.762496219766, 18545.88010392425, 18545.99332727031, 18546.10216576262, 18546.206618925266, 18546.306686301803, 18546.402367454953, 18546.49366196697, 18546.58056943955, 18546.66308949373, 18546.741221769873, 18546.8149659279, 18546.88432164714, 18546.949288626172, 18547.009866583187, 18547.066055255666, 18547.117854400625, 18547.16526379445, 18547.208283232976, 18547.246912531515, 18547.281151524818, 18547.31100006697, 18547.336458031543, 18547.357525311687, 18547.37420181993, 18547.38648748815, 18547.394382267707, 18547.397886129565, 18547.396999063978, 18547.391721080676, 18547.38205220884, 18547.367992497137, 18547.349542013762, 18547.326700846173, 18547.299469101345, 18547.267846905743, 18547.23183440529, 18547.191431765328, 18547.14663917058, 18547.097456825297, 18547.04388495303, 18546.985923796998, 18546.92357361965, 18546.85683470292, 18546.785707348183, 18546.710191876122, 18546.63028862714, 18546.545997960646, 18546.457320255715, 18546.364255910717, 18546.26680534363, 18546.164968991514, 18546.058747311003, 18545.948140778033, 18545.833149888014, 18545.713775155622, 18545.590017114955, 18545.46187631941, 18545.329353341836, 18545.192448774273, 18545.05116322831, 18544.90549733456, 18544.755451743258, 18544.601027123816, 18544.4422241649, 18544.27904357452, 18544.111486080084, 18543.939552428026], [18543.92617330022, 18544.10072386535, 18544.270898269697, 18544.436695766613, 18544.59811562892, 18544.755157148662, 18544.907819637236, 18545.05610242516, 18545.200004862436, 18545.33952631828, 18545.474666181402, 18545.605423859604, 18545.731798780198, 18545.853790389818, 18545.97139815442, 18546.08462155935, 18546.193460109287, 18546.297913328326, 18546.397980759924, 18546.49366196697, 18546.584956531682, 18546.671864055617, 18546.75438415993, 18546.832516484916, 18546.906260690623, 18546.975616456188, 18547.040583480306, 18547.10116148116, 18547.157350196252, 18547.209149382637, 18547.256558816538, 18547.299578293925, 18547.338207630055, 18547.372446659698, 18547.40229523693, 18547.427753235388, 18547.44882054822, 18547.465497087724, 18547.477782786013, 18547.485677594454, 18547.489181483885, 18547.4882944446, 18547.483016486436, 18547.473347638454, 18547.459287949307, 18547.440837487247, 18547.417996339747, 18547.3907646137, 18547.359142435685, 18547.323129951583, 18547.282727326707, 18547.23793474573, 18547.18875241302, 18547.13518055208, 18547.07721940614, 18547.014869237624, 18546.948130328437, 18546.87700297994, 18546.801487512996, 18546.72158426779, 18546.637293603824, 18546.548615900218, 18546.455551555337, 18546.358100987018, 18546.25626463245, 18546.15004294822, 18546.03943641033, 18545.924445514105, 18545.805070774266, 18545.681312724864, 18545.553171919393, 18545.420648930613, 18545.283744350643, 18545.142458790913, 18544.996792882263, 18544.846747274794, 18544.692322637853, 18544.533519660254, 18544.37033904995, 18544.202781534255, 18544.030847859773], [18544.013079558626, 18544.187630198943, 18544.35780467712, 18544.523602246758, 18544.68502218051, 18544.842063770473, 18544.99472632788, 18545.14300918349, 18545.286911687177, 18545.426433208213, 18545.561573135215, 18545.692330876063, 18545.81870585807, 18545.940697527858, 18546.05830535136, 18546.17152881387, 18546.280367420226, 18546.38482069443, 18546.484888179908, 18546.58056943955, 18546.671864055617, 18546.758771629673, 18546.84129178283, 18546.919424155498, 18546.993168407476, 18547.062524218145, 18547.127491286174, 18547.18806932961, 18547.244258086048, 18547.296057312447, 18547.343466785216, 18547.386486300198, 18547.42511567267, 18547.459354737337, 18547.48920334836, 18547.51466137943, 18547.535728723495, 18547.552405293038, 18547.56469102014, 18547.57258585613, 18547.576089771843, 18547.575202757605, 18547.569924823107, 18547.560255997658, 18547.546196329797, 18547.527745887735, 18547.504904758953, 18547.477673050456, 18547.446050888677, 18547.41003841953, 18547.369635808307, 18547.32484323985, 18547.275660918374, 18547.222089067425, 18547.16412793015, 18547.101777769076, 18547.03503886609, 18546.963911522595, 18546.888396059345, 18546.80849281653, 18546.72420215377, 18546.635524450074, 18546.54246010391, 18546.445009532945, 18546.343173174584, 18546.236951485254, 18546.126344941003, 18546.011354037226, 18545.891979288477, 18545.768221229002, 18545.64008041217, 18545.50755741077, 18545.37065281693, 18545.229367242082, 18545.083701317104, 18544.933655691966, 18544.779231036195, 18544.62042803843, 18544.457247406768, 18544.289689868474, 18544.1177561701], [18544.095598421733, 18544.270149136035, 18544.440323686973, 18544.606121328063, 18544.76754133205, 18544.9245829909, 18545.077245616078, 18545.22552853816, 18545.369431107043, 18545.508952691984, 18545.64409268168, 18545.774850484027, 18545.90122552617, 18546.02321725486, 18546.140825136055, 18546.25404865499, 18546.362887316496, 18546.46734064458, 18546.567408182702, 18546.66308949373, 18546.75438415993, 18546.84129178283, 18546.923811983568, 18547.001944402582, 18547.07568869968, 18547.145044554192, 18547.210011664727, 18547.270589749507, 18547.326778546023, 18547.378577811232, 18547.425987321567, 18547.469006872812, 18547.507636280297, 18547.541875378756, 18547.5717240223, 18547.59718208459, 18547.618249458657, 18547.634926056977, 18547.64721181156, 18547.655106673752, 18547.658610614417, 18547.657723623855, 18547.65244571187, 18547.642776907564, 18547.62871725966, 18547.61026683621, 18547.587425724872, 18547.560194032503, 18547.52857188568, 18547.492559430146, 18547.45215683138, 18547.407364274033, 18547.358181962376, 18547.304610120074, 18547.24664899014, 18547.184298835127, 18547.117559937018, 18547.04643259705, 18546.970917136132, 18546.891013894376, 18546.806723231402, 18546.718045526275, 18546.624981177352, 18546.527530602474, 18546.42569423888, 18546.319472543077, 18546.20886599109, 18546.093875078284, 18545.974500319335, 18545.850742248364, 18545.72260141878, 18545.59007840336, 18545.453173794194, 18545.311888202872, 18545.166222260017, 18545.016176615904, 18544.861751939807, 18544.702948920516, 18544.53976826606, 18544.37221070371, 18544.200276979984], [18544.17372953007, 18544.348280317154, 18544.518454939647, 18544.684252651055, 18544.845672724012, 18545.002714450668, 18545.15537714233, 18545.30366012963, 18545.44756276249, 18545.587084410196, 18545.722224461344, 18545.852982323806, 18545.979357424967, 18546.101349211363, 18546.218957148936, 18546.3321807231, 18546.44101943846, 18546.545472819227, 18546.64554040872, 18546.741221769873, 18546.832516484916, 18546.919424155498, 18547.001944402582, 18547.080076866685, 18547.153821207594, 18547.223177104705, 18547.288144256523, 18547.34872238137, 18547.40491121668, 18547.456710519364, 18547.50412006593, 18547.547139652244, 18547.585769093483, 18547.620008224396, 18547.649856899185, 18547.675314991386, 18547.696382394144, 18547.713059019938, 18547.725344800656, 18547.733239687746, 18547.736743652094, 18547.735856683958, 18547.73057879304, 18547.720910008575, 18547.706850379323, 18547.688399973256, 18547.66555887796, 18547.63832720044, 18547.606705067126, 18547.57069262395, 18547.53029003616, 18547.48549748863, 18547.436315185474, 18547.382743350416, 18547.32478222649, 18547.262432076193, 18547.195693181533, 18547.124565843827, 18547.049050383805, 18546.969147141765, 18546.884856477238, 18546.796178769273, 18546.70311441628, 18546.605663836053, 18546.503827465796, 18546.39760576214, 18546.28699920105, 18546.17200827784, 18546.052633507257, 18545.928875423342, 18545.800734579567, 18545.668211548724, 18545.53130692291, 18545.390021313608, 18545.244355351617, 18545.09430968701, 18544.939884989206, 18544.781081946974, 18544.61790126822, 18544.450343680353, 18544.278409929942], [18544.24747254346, 18544.422023402178, 18544.59219809499, 18544.757995875432, 18544.919416016255, 18545.076457809457, 18545.22912056639, 18545.37740361775, 18545.5213063134, 18545.660828022614, 18545.79596813398, 18545.926726055524, 18546.05310121432, 18546.175093057205, 18546.29270104997, 18546.405924678005, 18546.514763446085, 18546.61921687824, 18546.719284517894, 18546.8149659279, 18546.906260690623, 18546.993168407476, 18547.07568869968, 18547.153821207594, 18547.22756559113, 18547.296921529472, 18547.36188872142, 18547.422466884997, 18547.47865575778, 18547.530455096745, 18547.577864678336, 18547.620884298274, 18547.65951377199, 18547.693752934087, 18547.723601638794, 18547.749059759684, 18547.770127189855, 18547.786803841722, 18547.799089647342, 18547.80698455805, 18547.81048854472, 18547.8096015976, 18547.804323726516, 18547.79465496065, 18547.780595348642, 18547.762144958593, 18547.739303878043, 18547.712072214003, 18547.680450092947, 18547.644437660674, 18547.6040350826, 18547.559242543484, 18547.51006024753, 18547.45648841837, 18547.398527299043, 18547.33617715213, 18547.269438259533, 18547.198310922704, 18547.122795462317, 18547.042892218582, 18546.958601551087, 18546.869923838927, 18546.776859480466, 18546.679408893488, 18546.57757251526, 18546.471350802334, 18546.3607442307, 18546.245753295716, 18546.126378512043, 18546.00262041384, 18545.874479554495, 18545.74195650683, 18545.605051862916, 18545.463766234214, 18545.31810025162, 18545.168054565125, 18545.013629844198, 18544.85482677754, 18544.69164607315, 18544.52408845837, 18544.352154679716], [18544.316827141163, 18544.491378070325, 18544.661552832273, 18544.82735068058, 18544.988770888