{"model": 1, "laser_geometry": 2, "ebeam_geometry": 0, "sig_ebeam": 10, "sig_las": 10, "beam_waist": 100000.0, "E_pulse": 22250.0, "results": [[18771.299644158953, 18771.591683762348, 18771.871416191654, 18772.13883803848, 18772.393946045315, 18772.636737105095, 18772.86720826183, 18773.085356710406, 18773.291179796932, 18773.48467501854, 18773.66584002372, 18773.8346726122, 18773.991170735346, 18774.135332495753, 18774.26715614765, 18774.38664009697, 18774.493782901147, 18774.588583269506, 18774.67104006315, 18774.741152294682, 18774.798919128905, 18774.844339882253, 18774.877414023184, 18774.898141172, 18774.906521100904, 18774.902553734046, 18774.886239147527, 18774.857577569408, 18774.816569379556, 18774.763215109808, 18774.69751544396, 18774.61947121754, 18774.529083418016, 18774.42635318463, 18774.31128180828, 18774.18387073182, 18774.044121549472, 18773.89203600741, 18773.727616003045, 18773.55086358543, 18773.361780955052, 18773.160370463644, 18772.946634614244, 18772.72057606118, 18772.48219760961, 18772.23150221593, 18771.968492987173, 18771.69317318142, 18771.405546207203], [18771.591683762348, 18771.88372364183, 18772.1634563417, 18772.430878453615, 18772.68598671977, 18772.928778033405, 18773.159249438348, 18773.377398129585, 18773.58322145319, 18773.776716906275, 18773.957882137292, 18774.126714946164, 18774.283213283983, 18774.427375253486, 18774.559199108888, 18774.67868325607, 18774.78582625268, 18774.880626807757, 18774.963083782488, 18775.033196189586, 18775.090963193757, 18775.13638411145, 18775.169458411117, 18775.190185713094, 18775.19856578957, 18775.194598564725, 18775.17828411451, 18775.149622667188, 18775.108614602483, 18775.055260452373, 18774.98956090049, 18774.911516782446, 18774.821129085725, 18774.718398949473, 18774.60332766479, 18774.475916674288, 18774.33616757248, 18774.184082105192, 18774.01966217001, 18773.842909816034, 18773.653827243706, 18773.452416804786, 18773.238681002284, 18773.01262249047, 18772.774244074633, 18772.523548711022, 18772.26053950685, 18771.985219720038, 18771.697592759174], [18771.871416191654, 18772.1634563417, 18772.44318930656, 18772.710611677798, 18772.965720197706, 18773.208511759498, 18773.43898340699, 18773.65713233516, 18773.862955890047, 18774.056451568867, 18774.237617020004, 18774.406450043287, 18774.562948589977, 18774.707110762723, 18774.83893481572, 18774.95841915496, 18775.065562337895, 18775.160363073795, 18775.24282022367, 18775.312932800283, 18775.370699968385, 18775.41612104436, 18775.449195496683, 18775.46992294573, 18775.47830316359, 18775.47433607453, 18775.458021754577, 18775.429360431743, 18775.388352486032, 18775.334998449212, 18775.269299005024, 18775.191254989044, 18775.100867388846, 18774.998137343428, 18774.883066143946, 18774.755655233083, 18774.615906205174, 18774.46382080628, 18774.29940093389, 18774.12264863707, 18773.93356611626, 18773.732155723217, 18773.51841996107, 18773.292361483927, 18773.05398309715, 18772.80328775705, 18772.540278570756, 18772.264958796186, 18771.977331842027], [18772.13883803848, 18772.430878453615, 18772.710611677798, 18772.97803430284, 18773.233143070865, 18773.475934875027, 18773.706406759415, 18773.924555918762, 18774.130379699192, 18774.323875597922, 18774.505041263357, 18774.67387449531, 18774.830373245008, 18774.974535615096, 18775.106359859863, 18775.22584438519, 18775.332987748556, 18775.427788659243, 18775.51024597828, 18775.58035871841, 18775.638126044327, 18775.68354727254, 18775.71662187149, 18775.737349461433, 18775.745729814593, 18775.741762855174, 18775.72544865919, 18775.69678745475, 18775.655779621706, 18775.602425691926, 18775.53672634918, 18775.45868242899, 18775.368294918844, 18775.265564957983, 18775.150493837322, 18775.023082999665, 18774.883334039354, 18774.73124870234, 18774.566828886254, 18774.3900766401, 18774.20099416426, 18773.999583810604, 18773.78584808215, 18773.559789633106, 18773.32141126884, 18773.07071594556, 18772.807706770443, 18772.532387001458, 18772.244760047222], [18772.393946045315, 18772.68598671977, 18772.965720197706, 18773.233143070865, 18773.488252081403, 18773.731044122356, 18773.961516237836, 18774.17966562264, 18774.385489622924, 18774.578985735818, 18774.76015160974, 18774.928985044502, 18775.085483991366, 18775.229646552914, 18775.361470983506, 18775.480955688996, 18775.588099226858, 18775.68290030638, 18775.765357788492, 18775.83547068617, 18775.893238163942, 18775.93865953833, 18775.971734277715, 18775.992462002483, 18776.00084248484, 18775.996875648845, 18775.980561570683, 18775.951900478372, 18775.91089275183, 18775.85753892286, 18775.791839675203, 18775.71379584451, 18775.623408418178, 18775.520678535417, 18775.40560748725, 18775.278196716365, 18775.13844781717, 18774.98636253564, 18774.82194276932, 18774.645190567306, 18774.456108129983, 18774.254697809116, 18774.040962107832, 18773.814903680275, 18773.576525331857, 18773.32583001877, 18773.062820848158, 18772.787501078103, 18772.49987411705], [18772.636737105095, 18772.928778033405, 18773.208511759498, 18773.475934875027, 18773.731044122356, 18773.973836394507, 18774.204308735374, 18774.422458339945, 18774.62828255425, 18774.821778875477, 18775.002944952117, 18775.171778583877, 18775.32827772203, 18775.472440469246, 18775.604265079746, 18775.723749959485, 18775.83089366593, 18775.92569490827, 18776.008152547583, 18776.078265596745, 18776.13603322026, 18776.181454734706, 18776.214529608547, 18776.235257461965, 18776.24363806732, 18776.239671348678, 18776.223357382114, 18776.194696395738, 18776.153688769373, 18776.100335034986, 18776.034635876193, 18775.956592128627, 18775.86620477975, 18775.763474968746, 18775.648403986645, 18775.5209932762, 18775.381244431683, 18775.22915919916, 18775.064739476198, 18774.887987311802, 18774.6989049064, 18774.49749461182, 18774.28375893114, 18774.057700518544, 18773.81932217924, 18773.568626869703, 18773.305617696984, 18773.030297919024, 18772.742670944524], [18772.86720826183, 18773.159249438348, 18773.43898340699, 18773.706406759415, 18773.961516237836, 18774.204308735374, 18774.434781295964, 18774.652931114553, 18774.85875553714, 18775.052252060992, 18775.233418334505, 18775.40225215746, 18775.55875148102, 18775.70291440802, 18775.834739192553, 18775.954224240562, 18776.061368109662, 18776.15616950886, 18776.238627299397, 18776.308740493965, 18776.366508257168, 18776.41192990568, 18776.44500490779, 18776.465732883848, 18776.474113606, 18776.470146998534, 18776.45383313744, 18776.425172250707, 18776.384164718384, 18776.330811072206, 18776.265111996, 18776.187068325296, 18776.096681047522, 18775.993951301938, 18775.878880379543, 18775.75146972306, 18775.611720926823, 18775.459635736875, 18775.295216050763, 18775.11846391746, 18774.9293815375, 18774.727971262644, 18774.514235595885, 18774.288177191618, 18774.04979885495, 18773.79910354228, 18773.53609436072, 18773.26077456828, 18772.973147573557], [18773.085356710406, 18773.377398129585, 18773.65713233516, 18773.924555918762, 18774.17966562264, 18774.422458339945, 18774.652931114553, 18774.871081141435, 18775.07690576656, 18775.27040248727, 18775.45156895183, 18775.62040296008, 18775.776902463327, 18775.921065564115, 18776.052890516825, 18776.172375727267, 18776.279519752887, 18776.37432130308, 18776.45677923875, 18776.526892572714, 18776.584660469714, 18776.630082246113, 18776.663157370414, 18776.683885462917, 18776.69226629586, 18776.688299793313, 18776.671986031488, 18776.64332523824, 18776.602317793666, 18776.548964229496, 18776.483265229563, 18776.405221629397, 18776.314834416447, 18776.212104729897, 18776.097033860813, 18775.96962325188, 18775.82987449751, 18775.67778934364, 18775.51336968781, 18775.33661757921, 18775.147535218126, 18774.946124956405, 18774.7323892971, 18774.506330894437, 18774.267952553775, 18774.017257231357, 18773.754248034296, 18773.47892822063, 18773.191301198924], [18773.291179796932, 18773.58322145319, 18773.862955890047, 18774.130379699192, 18774.385489622924, 18774.62828255425, 18774.85875553714, 18775.07690576656, 18775.282730588526, 18775.476227500232, 18775.657394150086, 18775.826228337886, 18775.982728014827, 18776.12689128364, 18776.258716398563, 18776.378201765445, 18776.48534594185, 18776.58014763693, 18776.662605711757, 18776.732719179177, 18776.79048720375, 18776.83590910204, 18776.868984342447, 18776.889712545293, 18776.898093482807, 18776.894127079093, 18776.877813410247, 18776.849152704344, 18776.808145341267, 18776.75479185288, 18776.68909292288, 18776.61104938691, 18776.520662232397, 18776.417932598597, 18776.30286177639, 18776.175451208626, 18776.035702489644, 18775.883617365387, 18775.7191977335, 18775.542445643005, 18775.353363294256, 18775.15195303917, 18774.938217380703, 18774.712158973165, 18774.473780621778, 18774.2230852829, 18773.960076063704, 18773.68475622211, 18773.39712916673], [18773.48467501854, 18773.776716906275, 18774.056451568867, 18774.323875597922, 18774.578985735818, 18774.821778875477, 18775.052252060992, 18775.27040248727, 18775.476227500232, 18775.669724597137, 18775.85089142641, 18776.019725787926, 18776.176225632767, 18776.320389063698, 18776.452214334957, 18776.571699852357, 18776.678844173497, 18776.773646007565, 18776.856104215534, 18776.92621781032, 18776.983985956555, 18777.02940797064, 18777.06248332106, 18777.083211628134, 18777.091592664026, 18777.08762635296, 18777.071312770986, 18777.042652146087, 18777.001644858297, 18776.94829143938, 18776.882592573147, 18776.804549095057, 18776.71416199263, 18776.61143240514, 18776.496361623485, 18776.368951090466, 18776.22920240048, 18776.077117299406, 18775.91269768489, 18775.73594560598, 18775.546863263062, 18775.34545300798, 18775.131717343822, 18774.905658924716, 18774.66728055607, 18774.416585194092, 18774.15357594606, 18773.8782560698, 18773.59062897405], [18773.66584002372, 18773.957882137292, 18774.237617020004, 18774.505041263357, 18774.76015160974, 18775.002944952117, 18775.233418334505, 18775.45156895183, 18775.657394150086, 18775.85089142641, 18776.032058429413, 18776.20089295872, 18776.357392965638, 18776.501556552765, 18776.633381974476, 18776.75286763649, 18776.860012096382, 18776.954814063407, 18777.03727239862, 18777.107386114745, 18777.16515437643, 18777.21057650033, 18777.24365195465, 18777.264380359808, 18777.272761488028, 18777.26879526342, 18777.2524817621, 18777.223821212054, 18777.182813993288, 18777.129460637578, 18777.06376182869, 18776.98571840218, 18776.895331345546, 18776.792601798035, 18776.677531050533, 18776.55012054586, 18776.410371878323, 18776.258286794, 18776.093867190386, 18775.917115116565, 18775.72803277294, 18775.52662251139, 18775.312886834865, 18775.08682839764, 18774.848450005076, 18774.59775461341, 18774.334745329797, 18774.059425412222, 18773.771798269354], [18773.8346726122, 18774.126714946164, 18774.406450043287, 18774.67387449531, 18774.928985044502, 18775.171778583877, 18775.40225215746, 18775.62040296008, 18775.826228337886, 18776.019725787926, 18776.20089295872, 18776.36972765005, 18776.526227813192, 18776.670391550702, 18776.802217116856, 18776.92170291755, 18777.028847510304, 18777.123649604357, 18777.206108060705, 18777.27622189216, 18777.333990263385, 18777.379412490853, 18777.41248804303, 18777.433216540143, 18777.44159775447, 18777.43763161021, 18777.421318183286, 18777.392657701923, 18777.35165054594, 18777.29829724715, 18777.232598489387, 18777.15455510816, 18777.06416809098, 18776.961438577004, 18776.846367857244, 18776.718957374484, 18776.579208723088, 18776.427123648962, 18776.26270404975, 18776.08595197458, 18775.896869623684, 18775.695459349005, 18775.4817236536, 18775.255665191697, 18775.017286768514, 18774.766591340485, 18774.50358201462, 18774.22826204909, 18773.940634852363], [18773.991170735346, 18774.283213283983, 18774.562948589977, 18774.830373245008, 18775.085483991366, 18775.32827772203, 18775.55875148102, 18775.776902463327, 18775.982728014827, 18776.176225632767, 18776.357392965638, 18776.526227813192, 18776.682728126547, 18776.826892008547, 18776.958717713307, 18777.078203646786, 18777.185348366453, 18777.28015058149, 18777.36260915301, 18777.432723093756, 18777.49049156842, 18777.535913893425, 18777.568989537365, 18777.589718120315, 18777.598099414652, 18777.594133344508, 18777.577819985887, 18777.549159566865, 18777.5081524674, 18777.4547992193, 18777.389100506356, 18777.311057164057, 18777.220670179955, 18777.11794069319, 18777.00286999484, 18776.875459527593, 18776.735710885823, 18776.583625815525, 18776.419206214225, 18776.2424541311, 18776.05337176647, 18775.851961472155, 18775.63822575127, 18775.412167257957, 18775.173788797623, 18774.923093326513, 18774.660083951825, 18774.384763931477, 18774.097136674194], [18774.135332495753, 18774.427375253486, 18774.707110762723, 18774.974535615096, 18775.229646552914, 18775.472440469246, 18775.70291440802, 18775.921065564115, 18776.12689128364, 18776.320389063698, 18776.501556552765, 18776.670391550702, 18776.826892008547, 18776.971056029095, 18777.102881866565, 18777.22236792683, 18777.329512767446, 18777.424315097553, 18777.506773778197, 18777.57688782227, 18777.634656394286, 18777.680078810878, 18777.713154540328, 18777.733883203073, 18777.742264571214, 18777.738298568955, 18777.72198527245, 18777.6933249096, 18777.652317860407, 18777.598964656783, 18777.533265982293, 18777.455222672634, 18777.364835715252, 18777.262106249367, 18777.147035566006, 18777.019625107827, 18776.879876469236, 18776.72779139632, 18776.56337178649, 18776.386619688874, 18776.197537303866, 18775.996126983453, 18775.782391230437, 18775.556332699205, 18775.317954195045, 18775.067258674208, 18774.80424924391, 18774.528929162156, 18774.241301837526], [18774.26715614765, 18774.559199108888, 18774.83893481572, 18775.106359859863, 18775.361470983506, 18775.604265079746, 18775.834739192553, 18776.052890516825, 18776.258716398563, 18776.452214334957, 18776.633381974476, 18776.802217116856, 18776.958717713307, 18777.102881866565, 18777.23470783087, 18777.35419401202, 18777.461338967536, 18777.556141406723, 18777.63860019058, 18777.70871433182, 18777.766482995237, 18777.811905497194, 18777.84498130618, 18777.865710042526, 18777.87409147837, 18777.8701255379, 18777.853812297224, 18777.825151984343, 18777.78414497921, 18777.730791813683, 18777.66509317148, 18777.587049888087, 18777.496662951133, 18777.393933499727, 18777.278862824907, 18777.15145236942, 18777.011703727618, 18776.859618645507, 18776.695199020633, 18776.51844690211, 18776.329364490233, 18776.12795413703, 18775.914218345326, 18775.68815976959, 18775.449781214917, 18775.199085637796, 18774.936076145244, 18774.660755995323, 18774.373128596584], [18774.38664009697, 18774.67868325607, 18774.95841915496, 18775.22584438519, 18775.480955688996, 18775.723749959485, 18775.954224240562, 18776.172375727267, 18776.378201765445, 18776.571699852357, 18776.75286763649, 18776.92170291755, 18777.078203646786, 18777.22236792683, 18777.35419401202, 18777.47368030812, 18777.580825372635, 18777.67562791492, 18777.7580867959, 18777.82820102843, 18777.885969777068, 18777.93139235839, 18777.96446824078, 18777.985197044567, 18777.993578541966, 18777.98961265713, 18777.973299466103, 18777.944639197005, 18777.90363222961, 18777.850279095946, 18777.784580479638, 18777.706537216265, 18777.616150293365, 18777.513420850086, 18777.398350177453, 18777.270939718223, 18777.13119106674, 18776.979105969014, 18776.81468632259, 18776.637934176604, 18776.448851731366, 18776.247441338794, 18776.033705501923, 18775.80764687496, 18775.56926826318, 18775.318572623, 18775.05556306155, 18774.780242836725, 18774.492615357234], [18774.493782901147, 18774.78582625268, 18775.065562337895, 18775.332987748556, 18775.588099226858, 18775.83089366593, 18776.061368109662, 18776.279519752887, 18776.48534594185, 18776.678844173497, 18776.860012096382, 18777.028847510304, 18777.185348366453, 18777.329512767446, 18777.461338967536, 18777.580825372635, 18777.68797054031, 18777.78277317967, 18777.865232151766, 18777.935346469483, 18777.99311529734, 18778.038537951932, 18778.071613901648, 18778.092342766795, 18778.100724319538, 18778.096758484106, 18778.08044533659, 18778.051785104937, 18778.010778169195, 18777.95742506102, 18777.891726464353, 18777.813683214685, 18777.72329629949, 18777.62056685797, 18777.505496181166, 18777.378085711724, 18777.238337044142, 18777.08625192433, 18776.921832249893, 18776.74508006991, 18776.55599758474, 18776.354587146256, 18776.140851257533, 18775.91479257278, 18775.6764138973, 18775.42571818742, 18775.162708550342, 18774.887388244013, 18774.599760677014], [18774.588583269506, 18774.880626807757, 18775.160363073795, 18775.427788659243, 18775.68290030638, 18775.92569490827, 18776.15616950886, 18776.37432130308, 18776.58014763693, 18776.773646007565, 18776.954814063407, 18777.123649604357, 18777.28015058149, 18777.424315097553, 18777.556141406723, 18777.67562791492, 18777.78277317967, 18777.877575910145, 18777.960034967407, 18778.030149364207, 18778.087918265264, 18778.133340987093, 18778.166416997996, 18778.187145918357, 18778.19552752034, 18778.191561728163, 18778.175248617874, 18778.14658841753, 18778.105581507032, 18778.052228418248, 18777.986529834878, 18777.908486592594, 18777.81809967872, 18777.715370232603, 18777.60029954514, 18777.472889059147, 18777.333140368995, 18777.181055220677, 18777.01663551172, 18776.8398832912, 18776.65080075957, 18776.449390268666, 18776.235654321525, 18776.009595572337, 18775.77121682652, 18775.5205210403, 18775.257511320873, 18774.982190926214, 18774.69456326499], [18774.67104006315, 18774.963083782488, 18775.24282022367, 18775.51024597828, 18775.765357788492, 18776.008152547583, 18776.238627299397, 18776.45677923875, 18776.662605711757, 18776.856104215534, 18777.03727239862, 18777.206108060705, 18777.36260915301, 18777.506773778197, 18777.63860019058, 18777.7580867959, 18777.865232151766, 18777.960034967407, 18778.042494103796, 18778.112608573767, 18778.170377541923, 18778.21580032478, 18778.24887639079, 18778.269605360245, 18778.277987005324, 18778.274021250272, 18778.257708171048, 18778.229047995705, 18778.18804110431, 18778.134688028502, 18778.068989452197, 18777.990946210914, 18777.900559292073, 18777.797829834904, 18777.682759130545, 18777.555348621547, 18777.41559990238, 18777.263514719038, 18777.099094969046, 18776.922342701557, 18776.733260116915, 18776.531849566978, 18776.31811355479, 18776.092054734665, 18775.85367591178, 18775.60298004257, 18775.339970234174, 18775.064649744578, 18774.77702198233], [18774.741152294682, 18775.033196189586, 18775.312932800283, 18775.58035871841, 18775.83547068617, 18776.078265596745, 18776.308740493965, 18776.526892572714, 18776.732719179177, 18776.92621781032, 18777.107386114745, 18777.27622189216, 18777.432723093756, 18777.57688782227, 18777.70871433182, 18777.82820102843, 18777.935346469483, 18778.030149364207, 18778.112608573767, 18778.182723110807, 18778.240492140027, 18778.285914977925, 18778.31899109298, 18778.33972010536, 18778.3481017874, 18778.34413606316, 18778.327823008825, 18778.299162852334, 18778.25815597373, 18778.20480290467, 18778.139104329104, 18778.061061082535, 18777.970674152322, 18777.867944677844, 18777.752873950027, 18777.625463411652, 18777.485714657072, 18777.33362943223, 18777.169209634776, 18776.992457313696, 18776.803374669515, 18776.601964053993, 18776.388227970245, 18776.162169072384, 18775.923790165944, 18775.673094207043, 18775.410084302985, 18775.134763711612, 18774.847135841712], [18774.798919128905, 18775.090963193757, 18775.370699968385, 18775.638126044327, 18775.893238163942, 18776.13603322026, 18776.366508257168, 18776.584660469714, 18776.79048720375, 18776.983985956555, 18777.16515437643, 18777.333990263385, 18777.49049156842, 18777.634656394286, 18777.766482995237, 18777.885969777068, 18777.99311529734, 18778.087918265264, 18778.170377541923, 18778.240492140027, 18778.298261224263, 18778.34368411111, 18778.376760269035, 18778.397489318235, 18778.405871031064, 18778.401905331546, 18778.385592295854, 18778.356932152037, 18778.315925279905, 18778.262572211388, 18778.19687363025, 18778.118830372026, 18778.02844342418, 18777.925713925946, 18777.810643168374, 18777.683232594107, 18777.543483797617, 18777.391398524876, 18777.22697867338, 18777.050226292307, 18776.86114358204, 18776.659732894335, 18776.445996732415, 18776.219937750393, 18775.9815587536, 18775.730862698354, 18775.46785269187, 18775.192531992157, 18774.904904007784], [18774.844339882253, 18775.13638411145, 18775.41612104436, 18775.68354727254, 18775.93865953833, 18776.181454734706, 18776.41192990568, 18776.630082246113, 18776.83590910204, 18777.02940797064, 18777.21057650033, 18777.379412490853, 18777.535913893425, 18777.680078810878, 18777.811905497194, 18777.93139235839, 18778.038537951932, 18778.133340987093, 18778.21580032478, 18778.285914977925, 18778.34368411111, 18778.38910704085, 18778.422183235554, 18778.44291231544, 18778.45129405288, 18778.447328371938, 18778.431015348728, 18778.402355211267, 18778.36134833942, 18778.307995265142, 18778.242296672113, 18778.164253395942, 18778.073866424093, 18777.97113689574, 18777.85606610197, 18777.72865548548, 18777.58890664064, 18777.436821313448, 18777.27240140151, 18777.095648953797, 18776.906566170925, 18776.705155404587, 18776.491419157777, 18776.26536008491, 18776.02698099124, 18775.776284832977, 18775.513274717447, 18775.237953902626, 18774.95032579703], [18774.877414023184, 18775.169458411117, 18775.449195496683, 18775.71662187149, 18775.971734277715, 18776.214529608547, 18776.44500490779, 18776.663157370414, 18776.868984342447, 18777.06248332106, 18777.24365195465, 18777.41248804303, 18777.568989537365, 18777.713154540328, 18777.84498130618, 18777.96446824078, 18778.071613901648, 18778.166416997996, 18778.24887639079, 18778.31899109298, 18778.376760269035, 18778.422183235554, 18778.45525946088, 18778.475988565402, 18778.4843703213, 18778.480404652702, 18778.464091635724, 18778.43543149841, 18778.39442462064, 18778.341071534305, 18778.275372923115, 18778.197329622682, 18778.106942620405, 18778.004213055632, 18777.88914221928, 18777.761731554085, 18777.621982654473, 18777.469897266394, 18777.305477287493, 18777.128724766713, 18776.939641904628, 18776.738231052983, 18776.52449471481, 18776.298435544508, 18776.06005634724, 18775.809360079365, 18775.54634984808, 18775.27102891143, 18774.983400677895], [18774.898141172, 18775.190185713094, 18775.46992294573, 18775.737349461433, 18775.992462002483, 18776.235257461965, 18776.465732883848, 18776.683885462917, 18776.889712545293, 18777.083211628134, 18777.264380359808, 18777.433216540143, 18777.589718120315, 18777.733883203073, 18777.865710042526, 18777.985197044567, 18778.092342766795, 18778.187145918357, 18778.269605360245, 18778.33972010536, 18778.397489318235, 18778.44291231544, 18778.475988565402, 18778.496717688344, 18778.505099456546, 18778.50113379415, 18778.48482077722, 18778.456160633843, 18778.41515374384, 18778.3618006392, 18778.296102003536, 18778.2180586725, 18778.12767163352, 18778.02494202585, 18777.909871140586, 18777.782460420287, 18777.6427114594, 18777.490626004015, 18777.326205951606, 18777.149453351274, 18776.96037040342, 18776.758959459978, 18776.545223023855, 18776.319163749427, 18776.08078444197, 18775.830088057774, 18775.56707770409, 18775.29175663885, 18775.00412827064], [18774.906521100904, 18775.19856578957, 18775.47830316359, 18775.745729814593, 18776.00084248484, 18776.24363806732, 18776.474113606, 18776.69226629586, 18776.898093482807, 18777.091592664026, 18777.272761488028, 18777.44159775447, 18777.598099414652, 18777.742264571214, 18777.87409147837, 18777.993578541966, 18778.100724319538, 18778.19552752034, 18778.277987005324, 18778.3481017874, 18778.405871031064, 18778.45129405288, 18778.4843703213, 18778.505099456546, 18778.51348123092, 18778.50951556848, 18778.493202545415, 18778.46454238974, 18778.423535481314, 18778.370182352042, 18778.304483685595, 18778.226440317674, 18778.136053235685, 18778.033323578784, 18777.91825263811, 18777.790841856266, 18777.65109282774, 18777.499007298506, 18777.33458716615, 18777.15783447969, 18776.968751439577, 18776.767340397702, 18776.553603857064, 18776.32754447193, 18776.0891650476, 18775.8384685404, 18775.57545805763, 18775.300136857084, 18775.012508347558], [18774.902553734046, 18775.194598564725, 18775.47433607453, 18775.741762855174, 18775.996875648845, 18776.239671348678, 18776.470146998534, 18776.688299793313, 18776.894127079093, 18777.08762635296, 18777.26879526342, 18777.43763161021, 18777.594133344508, 18777.738298568955, 18777.8701255379, 18777.98961265713, 18778.096758484106, 18778.191561728163, 18778.274021250272, 18778.34413606316, 18778.401905331546, 18778.447328371938, 18778.480404652702, 18778.50113379415, 18778.50951556848, 18778.50554989992, 18778.489236864472, 18778.46057669028, 18778.419569757156, 18778.36621659698, 18778.300517893495, 18778.222474482332, 18778.132087350943, 18778.029357638403, 18777.914286635973, 18777.7868757862, 18777.64712668357, 18777.49504107402, 18777.330620855217, 18777.153868076122, 18776.964784937223, 18776.763373790352, 18776.549637138534, 18776.323577636114, 18776.08519808832, 18775.83450145155, 18775.571490832866, 18775.29616949041, 18775.008540832696], [18774.886239147527, 18775.17828411451, 18775.458021754577, 18775.72544865919, 18775.980561570683, 18776.223357382114, 18776.45383313744, 18776.671986031488, 18776.877813410247, 18777.071312770986, 18777.2524817621, 18777.421318183286, 18777.577819985887, 18777.72198527245, 18777.853812297224, 18777.973299466103, 18778.08044533659, 18778.175248617874, 18778.257708171048, 18778.327823008825, 18778.385592295854, 18778.431015348728, 18778.464091635724, 18778.48482077722, 18778.493202545415, 18778.489236864472, 18778.472923810557, 18778.44426361155, 18778.403256647463, 18778.349903450115, 18778.2842047033, 18778.206161242582, 18778.11577405536, 18778.013044280964, 18777.8979732103, 18777.770562286194, 18777.630813102987, 18777.478727406702, 18777.31430709494, 18777.13755421666, 18776.94847097241, 18776.747059714035, 18776.533322944473, 18776.307263318096, 18776.068883640215, 18775.818186867113, 18775.55517610597, 18775.27985461481, 18774.992225802285], [18774.857577569408, 18775.149622667188, 18775.429360431743, 18775.69678745475, 18775.951900478372, 18776.194696395738, 18776.425172250707, 18776.64332523824, 18776.849152704344, 18777.042652146087, 18777.223821212054, 18777.392657701923, 18777.549159566865, 18777.6933249096, 18777.825151984343, 18777.944639197005, 18778.051785104937, 18778.14658841753, 18778.229047995705, 18778.299162852334, 18778.356932152037, 18778.402355211267, 18778.43543149841, 18778.456160633843, 18778.46454238974, 18778.46057669028, 18778.44426361155, 18778.415603381574, 18778.3745963803, 18778.3212431395, 18778.25554434305, 18778.1775008264, 18778.08711357706, 18777.984383734332, 18777.869312589162, 18777.741901584257, 18777.602152314023, 18777.45006652447, 18777.28564611329, 18777.108893129363, 18776.91980977319, 18776.718398396682, 18776.504661502833, 18776.27860174592, 18776.040221931256, 18775.789525015185, 18775.52651410489, 18775.25119245829, 18774.96356348416], [18774.816569379556, 18775.108614602483, 18775.388352486032, 18775.655779621706, 18775.91089275183, 18776.153688769373, 18776.384164718384, 18776.602317793666, 18776.808145341267, 18777.001644858297, 18777.182813993288, 18777.35165054594, 18777.5081524674, 18777.652317860407, 18777.78414497921, 18777.90363222961, 18778.010778169195, 18778.105581507032, 18778.18804110431, 18778.25815597373, 18778.315925279905, 18778.36134833942, 18778.39442462064, 18778.41515374384, 18778.423535481314, 18778.419569757156, 18778.403256647463, 18778.3745963803, 18778.33358933557, 18778.280236045073, 18778.214537192598, 18778.136493613758, 18778.046106295988, 18777.94337637854, 18777.828305152372, 18777.700894060283, 18777.56114469659, 18777.409058807378, 18777.244638290227, 18777.067885194105, 18776.878801719475, 18776.677390218323, 18776.463653193536, 18776.237593299466, 18775.99921334145, 18775.748516275726, 18775.48550520953, 18775.210183400923, 18774.92255425841], [18774.763215109808, 18775.055260452373, 18775.334998449212, 18775.602425691926, 18775.85753892286, 18776.100335034986, 18776.330811072206, 18776.548964229496, 18776.75479185288, 18776.94829143938, 18777.129460637578, 18777.29829724715, 18777.4547992193, 18777.598964656783, 18777.730791813683, 18777.850279095946, 18777.95742506102, 18778.052228418248, 18778.134688028502, 18778.20480290467, 18778.262572211388, 18778.307995265142, 18778.341071534305, 18778.3618006392, 18778.370182352042, 18778.36621659698, 18778.349903450115, 18778.3212431395, 18778.280236045073, 18778.2268826986, 18778.16118378389, 18778.083140136496, 18777.992752743943, 18777.89002274538, 18777.77495143188, 18777.647540246115, 18777.507790782554, 18777.35570478722, 18777.191284157605, 18777.014530942764, 18776.82544734323, 18776.624035710767, 18776.41029854854, 18776.184238510672, 18775.94585840259, 18775.69516118058, 18775.432149951877, 18775.156827974388, 18774.869198656816], [18774.69751544396, 18774.98956090049, 18775.269299005024, 18775.53672634918, 18775.791839675203, 18776.034635876193, 18776.265111996, 18776.483265229563, 18776.68909292288, 18776.882592573147, 18777.06376182869, 18777.232598489387, 18777.389100506356, 18777.533265982293, 18777.66509317148, 18777.784580479638, 18777.891726464353, 18777.986529834878, 18778.068989452197, 18778.139104329104, 18778.19687363025, 18778.242296672113, 18778.275372923115, 18778.296102003536, 18778.304483685595, 18778.300517893495, 18778.2842047033, 18778.25554434305, 18778.214537192598, 18778.16118378389, 18778.095484800593, 18778.017441078395, 18777.927053604653, 18777.82432351864, 18777.709252111395, 18777.581840825645, 18777.442091255736, 18777.290005147715, 18777.125584399153, 18776.948831059108, 18776.759747328055, 18776.558335557816, 18776.344598251442, 18776.118538063245, 18775.880157798427, 18775.62946041349, 18775.36644901553, 18775.091126862528, 18774.8034973631], [18774.61947121754, 18774.911516782446, 18775.191254989044, 18775.45868242899, 18775.71379584451, 18775.956592128627, 18776.187068325296, 18776.405221629397, 18776.61104938691, 18776.804549095057, 18776.98571840218, 18777.15455510816, 18777.311057164057, 18777.455222672634, 18777.587049888087, 18777.706537216265, 18777.813683214685, 18777.908486592594, 18777.990946210914, 18778.061061082535, 18778.118830372026, 18778.164253395942, 18778.197329622682, 18778.2180586725, 18778.226440317674, 18778.222474482332, 18778.206161242582, 18778.1775008264, 18778.136493613758, 18778.083140136496, 18778.017441078395, 18777.939397274982, 18777.84900971372, 18777.746279533912, 18777.63120802651, 18777.50379663428, 18777.3640469516, 18777.211960724464, 18777.047539850504, 18776.870786378702, 18776.6817025096, 18776.48029059495, 18776.26655313794, 18776.0404927927, 18775.80211236467, 18775.5514148101, 18775.288403236187, 18775.013080900957, 18774.72545121299], [18774.529083418016, 18774.821129085725, 18775.100867388846, 18775.368294918844, 18775.623408418178, 18775.86620477975, 18776.096681047522, 18776.314834416447, 18776.520662232397, 18776.71416199263, 18776.895331345546, 18777.06416809098, 18777.220670179955, 18777.364835715252, 18777.496662951133, 18777.616150293365, 18777.72329629949, 18777.81809967872, 18777.900559292073, 18777.970674152322, 18778.02844342418, 18778.073866424093, 18778.106942620405, 18778.12767163352, 18778.136053235685, 18778.132087350943, 18778.11577405536, 18778.08711357706, 18778.046106295988, 18777.992752743943, 18777.927053604653, 18777.84900971372, 18777.75862205863, 18777.65589177863, 18777.540820164722, 18777.41340865959, 18777.273658857663, 18777.12157250497, 18776.95715149907, 18776.780397889033, 18776.591313875382, 18776.389901809758, 18776.176164195444, 18775.95010368664, 18775.711723088632, 18775.46102535775, 18775.19801360125, 18774.92269107706, 18774.635061193865], [18774.42635318463, 18774.718398949473, 18774.998137343428, 18775.265564957983, 18775.520678535417, 18775.763474968746, 18775.993951301938, 18776.212104729897, 18776.417932598597, 18776.61143240514, 18776.792601798035, 18776.961438577004, 18777.11794069319, 18777.262106249367, 18777.393933499727, 18777.513420850086, 18777.62056685797, 18777.715370232603, 18777.797829834904, 18777.867944677844, 18777.925713925946, 18777.97113689574, 18778.004213055632, 18778.02494202585, 18778.033323578784, 18778.029357638403, 18778.013044280964, 18777.984383734332, 18777.94337637854, 18777.89002274538, 18777.82432351864, 18777.746279533912, 18777.65589177863, 18777.55316139209, 18777.438089665207, 18777.310678040754, 18777.17092811317, 18777.018841628444, 18776.854420484167, 18776.677666729334, 18776.488582564492, 18776.287170341442, 18776.073432563244, 18775.847371884214, 18775.60899110957, 18775.35829319577, 18775.09528125001, 18774.81995853012, 18774.53232844491], [18774.31128180828, 18774.60332766479, 18774.883066143946, 18775.150493837322, 18775.40560748725, 18775.648403986645, 18775.878880379543, 18776.097033860813, 18776.30286177639, 18776.496361623485, 18776.677531050533, 18776.846367857244, 18777.00286999484, 18777.147035566006, 18777.278862824907, 18777.398350177453, 18777.505496181166, 18777.60029954514, 18777.682759130545, 18777.752873950027, 18777.810643168374, 18777.85606610197, 18777.88914221928, 18777.909871140586, 18777.91825263811, 18777.914286635973, 18777.8979732103, 18777.869312589162, 18777.828305152372, 18777.77495143188, 18777.709252111395, 18777.63120802651, 18777.540820164722, 18777.438089665207, 18777.323017818973, 18777.19560606883, 18777.055856009174, 18776.90376938591, 18776.739348096708, 18776.562594190633, 18776.373509868088, 18776.172097480965, 18775.958359532346, 18775.732298676456, 18775.493917718682, 18775.243219615273, 18774.98020747342, 18774.704884551174, 18774.417254257252], [18774.18387073182, 18774.475916674288, 18774.755655233083, 18775.023082999665, 18775.278196716365, 18775.5209932762, 18775.75146972306, 18775.96962325188, 18776.175451208626, 18776.368951090466, 18776.55012054586, 18776.718957374484, 18776.875459527593, 18777.019625107827, 18777.15145236942, 18777.270939718223, 18777.378085711724, 18777.472889059147, 18777.555348621547, 18777.625463411652, 18777.683232594107, 18777.72865548548, 18777.761731554085, 18777.782460420287, 18777.790841856266, 18777.7868757862, 18777.770562286194, 18777.741901584257, 18777.700894060283, 18777.647540246115, 18777.581840825645, 18777.50379663428, 18777.41340865959, 18777.310678040754, 18777.19560606883, 18777.068194186537, 18776.928443988305, 18776.776357220115, 18776.61193577952, 18776.43518171565, 18776.24609722889, 18776.044684671135, 18775.830946545462, 18775.604885506113, 18775.366504358444, 18775.115806058773, 18774.852793714326, 18774.577470583044, 18774.2898400736], [18774.044121549472, 18774.33616757248, 18774.615906205174, 18774.883334039354, 18775.13844781717, 18775.381244431683, 18775.611720926823, 18775.82987449751, 18776.035702489644, 18776.22920240048, 18776.410371878323, 18776.579208723088, 18776.735710885823, 18776.879876469236, 18777.011703727618, 18777.13119106674, 18777.238337044142, 18777.333140368995, 18777.41559990238, 18777.485714657072, 18777.543483797617, 18777.58890664064, 18777.621982654473, 18777.6427114594, 18777.65109282774, 18777.64712668357, 18777.630813102987, 18777.602152314023, 18777.56114469659, 18777.507790782554, 18777.442091255736, 18777.3640469516, 18777.273658857663, 18777.17092811317, 18777.055856009174, 18776.928443988305, 18776.78869364507, 18776.63660672541, 18776.472185127008, 18776.29543089873, 18776.10634624126, 18775.90493350631, 18775.691195197047, 18775.46513396764, 18775.226752623454, 18774.97605412086, 18774.713041567014, 18774.43771822, 18774.150087488328], [18773.89203600741, 18774.184082105192, 18774.46382080628, 18774.73124870234, 18774.98636253564, 18775.22915919916, 18775.459635736875, 18775.67778934364, 18775.883617365387, 18776.077117299406, 18776.258286794, 18776.427123648962, 18776.583625815525, 18776.72779139632, 18776.859618645507, 18776.979105969014, 18777.08625192433, 18777.181055220677, 18777.263514719038, 18777.33362943223, 18777.391398524876, 18777.436821313448, 18777.469897266394, 18777.490626004015, 18777.499007298506, 18777.49504107402, 18777.478727406702, 18777.45006652447, 18777.409058807378, 18777.35570478722, 18777.290005147715, 18777.211960724464, 18777.12157250497, 18777.018841628444, 18776.90376938591, 18776.776357220115, 18776.63660672541, 18776.48451964786, 18776.320097885036, 18776.143343485994, 18775.954258651243, 18775.752845732524, 18775.539107233068, 18775.313045806986, 18775.074664259733, 18774.823965547523, 18774.560952777643, 18774.285629208083, 18773.997998247527], [18773.727616003045, 18774.01966217001, 18774.29940093389, 18774.566828886254, 18774.82194276932, 18775.064739476198, 18775.295216050763, 18775.51336968781, 18775.7191977335, 18775.91269768489, 18776.093867190386, 18776.26270404975, 18776.419206214225, 18776.56337178649, 18776.695199020633, 18776.81468632259, 18776.921832249893, 18777.01663551172, 18777.099094969046, 18777.169209634776, 18777.22697867338, 18777.27240140151, 18777.305477287493, 18777.326205951606, 18777.33458716615, 18777.330620855217, 18777.31430709494, 18777.28564611329, 18777.244638290227, 18777.191284157605, 18777.125584399153, 18777.047539850504, 18776.95715149907, 18776.854420484167, 18776.739348096708, 18776.61193577952, 18776.472185127008, 18776.320097885036, 18776.1556759514, 18775.978921375063, 18775.789836356387, 18775.588423247384, 18775.374684551098, 18775.148622921733, 18774.910241164715, 18774.65954223628, 18774.39652924368, 18774.121205444982, 18773.83357424869], [18773.55086358543, 18773.842909816034, 18774.12264863707, 18774.3900766401, 18774.645190567306, 18774.887987311802, 18775.11846391746, 18775.33661757921, 18775.542445643005, 18775.73594560598, 18775.917115116565, 18776.08595197458, 18776.2424541311, 18776.386619688874, 18776.51844690211, 18776.637934176604, 18776.74508006991, 18776.8398832912, 18776.922342701557, 18776.992457313696, 18777.050226292307, 18777.095648953797, 18777.128724766713, 18777.149453351274, 18777.15783447969, 18777.153868076122, 18777.13755421666, 18777.108893129363, 18777.067885194105, 18777.014530942764, 18776.948831059108, 18776.870786378702, 18776.780397889033, 18776.677666729334, 18776.562594190633, 18776.43518171565, 18776.29543089873, 18776.143343485994, 18775.978921375063, 18775.802166614772, 18775.61308140579, 18775.411668099972, 18775.197929200294, 18774.971867361033, 18774.733485387587, 18774.4827862363, 18774.219773014313, 18773.94444897968, 18773.656817541003], [18773.361780955052, 18773.653827243706, 18773.93356611626, 18774.20099416426, 18774.456108129983, 18774.6989049064, 18774.9293815375, 18775.147535218126, 18775.353363294256, 18775.546863263062, 18775.72803277294, 18775.896869623684, 18776.05337176647, 18776.197537303866, 18776.329364490233, 18776.448851731366, 18776.55599758474, 18776.65080075957, 18776.733260116915, 18776.803374669515, 18776.86114358204, 18776.906566170925, 18776.939641904628, 18776.96037040342, 18776.968751439577, 18776.964784937223, 18776.94847097241, 18776.91980977319, 18776.878801719475, 18776.82544734323, 18776.759747328055, 18776.6817025096, 18776.591313875382, 18776.488582564492, 18776.373509868088, 18776.24609722889, 18776.10634624126, 18775.954258651243, 18775.789836356387, 18775.61308140579, 18775.423995999976, 18775.22258249067, 18775.008843381038, 18774.782781325284, 18774.54439912882, 18774.29369974799, 18774.030686289916, 18773.755362012682, 18773.46773032488], [18773.160370463644, 18773.452416804786, 18773.732155723217, 18773.999583810604, 18774.254697809116, 18774.49749461182, 18774.727971262644, 18774.946124956405, 18775.15195303917, 18775.34545300798, 18775.52662251139, 18775.695459349005, 18775.851961472155, 18775.996126983453, 18776.12795413703, 18776.247441338794, 18776.354587146256, 18776.449390268666, 18776.531849566978, 18776.601964053993, 18776.6